0 1 100
0 7 141
0 6 100
1 2 90
1 8 135
1 0 100
2 3 100
2 1 90
3 4 100
3 10 141
3 2 100
4 5 90
4 3 100
5 10 135
5 4 90
6 0 100
6 12 100
7 14 135
7 13 100
7 0 141
8 9 100
8 1 135
9 16 141
9 14 141
9 8 100
10 5 135
10 11 90
10 16 100
10 3 141
11 17 100
11 10 90
12 6 100
12 18 90
13 7 100
13 14 90
13 20 120
14 9 141
14 20 80
14 13 90
14 7 135
15 23 206
15 22 128
15 21 80
16 10 100
16 9 141
17 11 100
17 23 80
18 12 80
18 19 100
18 24 90
19 20 90
19 18 100
20 14 80 
20 19 90
20 13 120
21 15 80
21 27 90
21 26 100
22 29 127
22 15 128
23 17 80
23 15 206
24 18 90
24 25 110
25 26 80
25 24 110
26 21 135
26 27 100
26 25 80
27 21 90
27 28 100
27 26 100
28 27 100
29 22 127